402TCA-402TN-HN 62.12 116.006 8.227
403ECA-403EN-HN 56.83 122.95 8.437
404DCA-404DN-HN 54.571 121.548 8.326
405KCA-405KN-HN 56.659 121.138 8.209
406ICA-406IN-HN 61.339 121.142 8.048
407SCA-407SN-HN 58.491 119.542 8.344
408RCA-408RN-HN 55.956 123.17 8.268
409ACA-409AN-HN 52.475 125.188 8.204
410VCA-410VN-HN 62.059 118.973 8.068
411GCA-411GN-HN 44.577 112.374 8.254
413RCA-413RN-HN 56.371 121.055 8.45
414QCA-414QN-HN 55.875 121.366 8.334
415ACA-415AN-HN 52.615 125.124 8.315
416QCA-416QN-HN 55.83 119.686 8.308
417VCA-417VN-HN 62.313 120.992 8.12
418SCA-418SN-HN 58.077 118.752 8.243
419FCA-419FN-HN 57.59 122.305 8.207
420LCA-420LN-HN 55.162 123.057 8.118
421HCA-421HN-HN 56.017 119.385 8.238
422GCA-422GN-HN 45.392 110.01 8.321
423DCA-423DN-HN 54.408 120.632 8.348
424QCA-424QN-HN 55.996 120.709 8.408
425SCA-425SN-HN 59.004 116.946 8.39
426ECA-426EN-HN 57.005 122.302 8.473
427CA-427N-HN 53.429 118.537 8.277
428ECA-428EN-HN 56.231 120.566 8.171
429LCA-429LN-HN 53.38 124.4 8.175
431RCA-431RN-HN 55.94 121.651 8.398
432LCA-432LN-HN 55.152 123.678 8.353
433GCA-433GN-HN 45.372 109.95 8.501
434GCA-434GN-HN 45.219 108.796 8.325
436ECA-436EN-HN 56.716 121.419 8.53
437DCA-437DN-HN 54.34 121.937 8.302
438RCA-438RN-HN 56.4 122.078 8.319
439RCA-439RN-HN 56.754 121.367 8.278
440VCA-440VN-HN 62.603 120.708 8.047
441KCA-441KN-HN 56.589 124.901 8.333
445GCA-445GN-HN 45.346 109.702 8.397
446ECA-446EN-HN 56.449 120.711 8.272
447ACA-447AN-HN 52.592 125.185 8.349
448RCA-448RN-HN 56.246 120.376 8.297
449ECA-449EN-HN 56.837 121.625 8.468
450SCA-450SN-HN 58.465 116.399 8.257
451YCA-451YN-HN 58.121 122.234 8.139
452RCA-452RN-HN 55.808 123.085 8.003
453ECA-453EN-HN 56.611 122.271 8.379
454TCA-454TN-HN 61.674 114.487 8.183
455GCA-455GN-HN 44.772 111.294 8.276
457SCA-457SN-HN 58.416 116.205 8.423
458RCA-458RN-HN 55.914 123.148 8.384
459ACA-459AN-HN 52.953 125.306 8.373
460SCA-460SN-HN 58.726 114.599 8.274
461DCA-461DN-HN 54.338 122.311 8.195
462ACA-462AN-HN 53.044 124.542 8.175
463RCA-463RN-HN 56.376 119.341 8.202
464ACA-464AN-HN 52.529 124.213 8.091
465ACA-465AN-HN 52.609 122.513 8.099
466HCA-466HN-HN 55.579 117.609 8.166
467LCA-467LN-HN 52.948 124.761 8.095
469TCA-469TN-HN 45.176 113.902 8.229
470GCA-470GN-HN 60.006 111.296 8.412
471TCA-471TN-HN 55.17 116.647 8.08
473LCA-473LN-HN 54.248 121.865 8.246
474DCA-474DN-HN 61.208 121.069 8.25
475ICA-475IN-HN 54.425 119.894 7.918
476DCA-476DN-HN 62.222 123.893 8.388
477TCA-477TN-HN 52.911 114.991 8.083
478ACA-478AN-HN 58.61 126.209 8.283
479SCA-479SN-HN 56.908 114.935 8.186
480ECA-480EN-HN 58.427 122.704 8.404
481SCA-481SN-HN 58.463 116.337 8.306
482SCA-482SN-HN 55.545 117.735 8.29
483QCA-483QN-HN 52.45 121.787 8.317
484DCA-484DN-HN 56.354 123.355 8.406
486QCA-486QN-HN 54.879 118.977 8.569
487DCA-487DN-HN 59.469 120.835 8.165
488SCA-488SN-HN 57.037 117.071 8.29
489RCA-489RN-HN 56.851 122.368 8.238
490RCA-490RN-HN 59.126 120.501 8.124
491SCA-491SN-HN 54.053 116.623 8.236
492ACA-492AN-HN 55.85 125.624 8.37
493DCA-493DN-HN 54.319 118.495 8.238
494ACA-494AN-HN 56.79 123.33 7.993
495LCA-495LN-HN 56.78 118.995 7.938
496LCA-496LN-HN 57.704 120.565 7.841
497RCA-497RN-HN 56.549 119.79 7.924
498LCA-498LN-HN 57.014 120.916 7.9
499QCA-499QN-HN 53.268 119.427 8.14
500ACA-500AN-HN 55.825 123.23 8.044
501MCA-501MN-HN 52.957 118.099 8.025
502ACA-502AN-HN 45.404 123.962 8.024
503GCA-503GN-HN 61.097 107.765 8.254
504ICA-504IN-HN 58.241 119.749 7.88
505SCA-505SN-HN 56.718 119.752 8.384
506ECA-506EN-HN 56.718 123.168 8.493
507ECA-507EN-HN 55.991 121.622 8.406
508QCA-508QN-HN 45.304 121.622 8.406
509GCA-509GN-HN 58.217 110.358 8.461
510SCA-510SN-HN 54.523 115.489 8.277
511DCA-511DN-HN 61.777 122.492 8.525
512TCA-512TN-HN 54.422 113.199 8.049
513DCA-513DN-HN 59.853 122.818 8.306
514TCA-514TN-HN 61.149 117.208 8.066
516ICA-516IN-HN 61.76 122.097 8.193
517VCA-517VN-HN 57.834 124.934 8.071
518YCA-518YN-HN 53.066 125.203 8.383
519CA-519N-HN 54.411 121.168 8.378
520DCA-520DN-HN 56.33 120.847 8.271
521RCA-521RN-HN 53.522 120.79 8.183
522CA-522N-HN 55.327 119.179 8.44
523LCA-523LN-HN 54.921 121.904 8.079
524LCA-524LN-HN 55.907 122.212 8.089
525DCA-525DN-HN  126.21 7.751
