401CO-402TN-HN 174.673 116.006 8.227
402CO-403EN-HN 174.71 122.95 8.437
403CO-404DN-HN 176.204 121.548 8.326
404CO-405KN-HN 176.322 121.138 8.209
405CO-406IN-HN 176.822 121.142 8.048
406CO-407SN-HN 176.544 119.542 8.344
407CO-408RN-HN 174.637 123.17 8.268
408CO-409AN-HN 175.841 125.188 8.204
409CO-410VN-HN 177.543 118.973 8.068
410CO-411GN-HN 176.335 112.374 8.254
412CO-413RN-HN 177.344 121.055 8.45
413CO-414QN-HN 176.523 121.366 8.334
414CO-415AN-HN 175.682 125.124 8.315
415CO-416QN-HN 177.585 119.686 8.308
416CO-417VN-HN 176.011 120.992 8.12
417CO-418SN-HN 175.962 118.752 8.243
418CO-419FN-HN 174.092 122.305 8.207
419CO-420LN-HN 175.529 123.057 8.118
420CO-421HN-HN 176.864 119.385 8.238
421CO-422GN-HN 175.602 110.01 8.321
422CO-423DN-HN 173.867 120.632 8.348
423CO-424QN-HN 176.541 120.709 8.408
424CO-425SN-HN 176.233 116.946 8.39
425CO-426EN-HN 174.941 122.302 8.473
426CO-427N-HN 176.366 118.537 8.277
427CO-428EN-HN 174.951 120.566 8.171
428CO-429LN-HN 176.112 124.4 8.175
430CO-431RN-HN 176.837 121.651 8.398
431CO-432LN-HN 176.458 123.678 8.353
432CO-433GN-HN 177.913 109.95 8.501
433CO-434GN-HN 174.682 108.796 8.325
435CO-436EN-HN 176.897 121.419 8.53
436CO-437DN-HN 176.17 121.937 8.302
437CO-438RN-HN 176.467 122.078 8.319
438CO-439RN-HN 176.516 121.367 8.278
439CO-440VN-HN 176.738 120.708 8.047
440CO-441KN-HN 176.329 124.901 8.333
444CO-445GN-HN 176.876 109.702 8.397
445CO-446EN-HN 174.155 120.711 8.272
446CO-447AN-HN 176.364 125.185 8.349
447CO-448RN-HN 177.774 120.376 8.297
448CO-449EN-HN 176.534 121.625 8.468
449CO-450SN-HN 176.534 116.399 8.257
450CO-451YN-HN 174.199 122.234 8.139
451CO-452RN-HN 175.509 123.085 8.003
452CO-453EN-HN 175.716 122.271 8.379
453CO-454TN-HN 176.642 114.487 8.183
454CO-455GN-HN 174.812 111.294 8.276
456CO-457SN-HN 177.263 116.205 8.423
457CO-458RN-HN 174.714 123.148 8.384
458CO-459AN-HN 176.302 125.306 8.373
459CO-460SN-HN 178.139 114.599 8.274
460CO-461DN-HN 174.568 122.311 8.195
461CO-462AN-HN 176.31 124.542 8.175
462CO-463RN-HN 178.09 119.341 8.202
463CO-464AN-HN 176.434 124.213 8.091
464CO-465AN-HN 177.467 122.513 8.099
465CO-466HN-HN 177.332 117.609 8.166
466CO-467LN-HN 174.705 124.761 8.095
468CO-469TN-HN 177.236 113.902 8.229
469CO-470GN-HN 175.222 111.296 8.412
470CO-471TN-HN 173.898 116.647 8.08
472CO-473LN-HN 176.729 121.865 8.246
473CO-474DN-HN 177.163 121.069 8.25
474CO-475IN-HN 176.097 119.894 7.918
475CO-476DN-HN 175.914 123.893 8.388
476CO-477TN-HN 176.751 114.991 8.083
477CO-478AN-HN 174.796 126.209 8.283
478CO-479SN-HN 178.048 114.935 8.186
479CO-480EN-HN 174.893 122.704 8.404
480CO-481SN-HN 176.734 116.337 8.306
481CO-482SN-HN 174.689 117.735 8.29
482CO-483QN-HN 174.471 121.787 8.317
483CO-484DN-HN 175.41 123.355 8.406
485CO-486QN-HN 177.603 118.977 8.569
486CO-487DN-HN 176.323 120.835 8.165
487CO-488SN-HN 176.991 117.071 8.29
488CO-489RN-HN 175.38 122.368 8.238
489CO-490RN-HN 176.902 120.501 8.124
490CO-491SN-HN 177.198 116.623 8.236
491CO-492AN-HN 175.174 125.624 8.37
492CO-493DN-HN 178.986 118.495 8.238
493CO-494AN-HN 177.511 123.33 7.993
494CO-495LN-HN 179.41 118.995 7.938
495CO-496LN-HN 178.729 120.565 7.841
496CO-497RN-HN 178.912 119.79 7.924
497CO-498LN-HN 177.546 120.916 7.9
498CO-499QN-HN 178.7 119.427 8.14
499CO-500AN-HN 176.808 123.23 8.044
500CO-501MN-HN 178.494 118.099 8.025
501CO-502AN-HN 176.316 123.962 8.024
502CO-503GN-HN 178.255 107.765 8.254
503CO-504IN-HN 174.16 119.749 7.88
504CO-505SN-HN 176.357 119.752 8.384
505CO-506EN-HN 174.62 123.168 8.493
506CO-507EN-HN 176.558 121.622 8.406
507CO-508QN-HN 176.531 121.622 8.406
508CO-509GN-HN 176.526 110.358 8.461
509CO-510SN-HN 174.112 115.489 8.277
510CO-511DN-HN 174.479 122.492 8.525
511CO-512TN-HN 176.493 113.199 8.049
512CO-513DN-HN 174.377 122.818 8.306
513CO-514TN-HN 175.993 117.208 8.066
515CO-516IN-HN 176.602 122.097 8.193
516CO-517VN-HN 175.857 124.934 8.071
517CO-518YN-HN 175.518 125.203 8.383
518CO-519N-HN 175.461 121.168 8.378
519CO-520DN-HN 174.575 120.847 8.271
520CO-521RN-HN 176.376 120.79 8.183
521CO-522N-HN 176.135 119.179 8.44
522CO-523LN-HN 175.098 121.904 8.079
523CO-524LN-HN 177.08 122.212 8.089
524CO-525DN-HN 176.219 126.21 7.751
