401CA-402TN-HN 61.768 116.006 8.227
402CA-403EN-HN 62.12 122.95 8.437
403CA-404DN-HN 56.83 121.548 8.326
404CA-405KN-HN 54.571 121.138 8.209
405CA-406IN-HN 56.659 121.142 8.048
406CA-407SN-HN 61.339 119.542 8.344
407CA-408RN-HN 58.491 123.17 8.268
408CA-409AN-HN 55.956 125.188 8.204
409CA-410VN-HN 52.475 118.973 8.068
410CA-411GN-HN 62.059 112.374 8.254
412CA-413RN-HN 63.207 121.055 8.45
413CA-414QN-HN 56.371 121.366 8.334
414CA-415AN-HN 55.875 125.124 8.315
415CA-416QN-HN 52.615 119.686 8.308
416CA-417VN-HN 55.83 120.992 8.12
417CA-418SN-HN 62.313 118.752 8.243
418CA-419FN-HN 58.077 122.305 8.207
419CA-420LN-HN 57.59 123.057 8.118
420CA-421HN-HN 55.162 119.385 8.238
421CA-422GN-HN 56.017 110.01 8.321
422CA-423DN-HN 45.392 120.632 8.348
423CA-424QN-HN 54.408 120.709 8.408
424CA-425SN-HN 55.996 116.946 8.39
425CA-426EN-HN 59.004 122.302 8.473
426CA-427N-HN 57.005 118.537 8.277
427CA-428EN-HN 53.429 120.566 8.171
428CA-429LN-HN 56.231 124.4 8.175
430CA-431RN-HN 63.174 121.651 8.398
431CA-432LN-HN 55.94 123.678 8.353
432CA-433GN-HN 55.152 109.95 8.501
433CA-434GN-HN 45.372 108.796 8.325
435CA-436EN-HN 56.65 121.419 8.53
436CA-437DN-HN 56.716 121.937 8.302
437CA-438RN-HN 54.34 122.078 8.319
438CA-439RN-HN 56.4 121.367 8.278
439CA-440VN-HN 56.754 120.708 8.047
440CA-441KN-HN 62.603 124.901 8.333
444CA-445GN-HN 56.507 109.702 8.397
445CA-446EN-HN 45.346 120.711 8.272
446CA-447AN-HN 56.449 125.185 8.349
447CA-448RN-HN 52.592 120.376 8.297
448CA-449EN-HN 56.246 121.625 8.468
449CA-450SN-HN 56.837 116.399 8.257
450CA-451YN-HN 58.465 122.234 8.139
451CA-452RN-HN 58.121 123.085 8.003
452CA-453EN-HN 55.808 122.271 8.379
453CA-454TN-HN 56.611 114.487 8.183
454CA-455GN-HN 61.674 111.294 8.276
456CA-457SN-HN 63.204 116.205 8.423
457CA-458RN-HN 58.416 123.148 8.384
458CA-459AN-HN 55.914 125.306 8.373
459CA-460SN-HN 52.953 114.599 8.274
460CA-461DN-HN 58.726 122.311 8.195
461CA-462AN-HN 54.338 124.542 8.175
462CA-463RN-HN 53.044 119.341 8.202
463CA-464AN-HN 56.376 124.213 8.091
464CA-465AN-HN 52.529 122.513 8.099
465CA-466HN-HN 52.609 117.609 8.166
466CA-467LN-HN 55.579 124.761 8.095
468CA-469TN-HN 63.2 113.902 8.229
469CA-470GN-HN 61.994 111.296 8.412
470CA-471TN-HN 45.176 116.647 8.08
472CA-473LN-HN 63.28 121.865 8.246
473CA-474DN-HN 55.17 121.069 8.25
474CA-475IN-HN 54.248 119.894 7.918
475CA-476DN-HN 61.208 123.893 8.388
476CA-477TN-HN 54.425 114.991 8.083
477CA-478AN-HN 62.222 126.209 8.283
478CA-479SN-HN 52.911 114.935 8.186
479CA-480EN-HN 58.61 122.704 8.404
480CA-481SN-HN 56.908 116.337 8.306
481CA-482SN-HN 58.427 117.735 8.29
482CA-483QN-HN 58.463 121.787 8.317
483CA-484DN-HN 55.545 123.355 8.406
485CA-486QN-HN 63.809 118.977 8.569
486CA-487DN-HN 56.354 120.835 8.165
487CA-488SN-HN 54.879 117.071 8.29
488CA-489RN-HN 59.469 122.368 8.238
489CA-490RN-HN 57.037 120.501 8.124
490CA-491SN-HN 56.851 116.623 8.236
491CA-492AN-HN 59.126 125.624 8.37
492CA-493DN-HN 54.053 118.495 8.238
493CA-494AN-HN 55.85 123.33 7.993
494CA-495LN-HN 54.319 118.995 7.938
495CA-496LN-HN 56.79 120.565 7.841
496CA-497RN-HN 56.78 119.79 7.924
497CA-498LN-HN 57.704 120.916 7.9
498CA-499QN-HN 56.549 119.427 8.14
499CA-500AN-HN 57.014 123.23 8.044
500CA-501MN-HN 53.268 118.099 8.025
501CA-502AN-HN 55.825 123.962 8.024
502CA-503GN-HN 52.957 107.765 8.254
503CA-504IN-HN 45.404 119.749 7.88
504CA-505SN-HN 61.097 119.752 8.384
505CA-506EN-HN 58.241 123.168 8.493
506CA-507EN-HN 56.718 121.622 8.406
507CA-508QN-HN 56.718 121.622 8.406
508CA-509GN-HN 55.991 110.358 8.461
509CA-510SN-HN 45.304 115.489 8.277
510CA-511DN-HN 58.217 122.492 8.525
511CA-512TN-HN 54.523 113.199 8.049
512CA-513DN-HN 61.777 122.818 8.306
513CA-514TN-HN 54.422 117.208 8.066
515CA-516IN-HN 63.122 122.097 8.193
516CA-517VN-HN 61.149 124.934 8.071
517CA-518YN-HN 61.76 125.203 8.383
518CA-519N-HN 57.834 121.168 8.378
519CA-520DN-HN 53.066 120.847 8.271
520CA-521RN-HN 54.411 120.79 8.183
521CA-522N-HN 56.33 119.179 8.44
522CA-523LN-HN 53.522 121.904 8.079
523CA-524LN-HN 55.327 122.212 8.089
524CA-525DN-HN 54.921 126.21 7.751
