3.5391
3.5391
2.72306
2.723
4.47059
4.4705
3.12871
3.12871
3.63493
3.63493
2.52465
2.52465
2.35593
2.35593
2.84166
2.84166
1.98119
1.98119
3.11501
3.11501
2.32452
2.3252
3.30451
3.30264
6.25885
6.25885
3.24726
3.2472
2.97812
2.97812
3.52329
3.52329
3.68879
3.68879
3.44145
3.44145
4.78197
4.78197
2.67124
2.67124
3.25777
3.25776
3.26763
3.26733
4.18521
4.18521
2.61862
2.61862
3.27931
3.27931
3.84007
3.84007
3.24686
3.24686
2.86312
2.8632
3.30683
3.30683
3.10388
3.10388
3.5671
3.5671
3.6843
3.6842
2.72289
2.72291
3.42281
3.42282
2.41346
2.41346
4.44898
4.44898
3.15807
3.15807
3.7257
3.7257
2.77985
2.77994
3.08587
3.08587
3.46958
3.4696
4.47205
4.47206
3.44022
3.44022
3.9408
3.94085
4.49732
4.49732
2.86067
2.86067
3.45945
3.45945
3.96269
3.96269
2.57017
2.57017
2.90525
2.90525
2.5845
2.5845
4.15678
4.15672
2.67762
2.67809
3.66809
3.66809
3.05284
3.05284
2.61519
2.61519
3.10449
3.10449
2.74131
2.74131
3.39143
3.39143
2.81216
2.81215
2.75765
2.75765
2.54878
2.54877
3.33612
3.33612
2.61444
2.61444
2.66209
2.66209
2.89646
2.89647
3.65317
3.65316
4.50349
4.5039
4.11433
4.11432
3.33184
3.33184
3.51295
3.5137
2.63532
2.63533
4.31233
4.31215
3.77623
3.77623
3.83046
3.83024
3.13223
3.13223
3.09031
3.09031
2.89608
2.89608
3.96852
3.96852
3.01555
3.01555
3.47329
3.47348
4.336
4.33601
2.97901
2.97901
3.34378
3.34378
2.1533
2.15331
5.18499
5.18499
2.60108
2.60108
2.78413
2.78413
4.5164
4.51639
3.00604
3.00604
3.2549
3.25491
3.98939
3.9895
4.51804
4.51815
3.1055
3.1055
3.01178
3.01178
3.44464
3.44375
2.2179
2.2179
2.73729
2.7373
3.43758
3.43757
3.50457
3.50457
